0 96483.098672
1 85239.746932
2 77522.859106
3 71263.751726
4 94197.237038
5 89246.973987
6 72809.273314
7 63855.689032
8 82387.754822
9 79671.616313
10 60977.052216
11 69408.410802
12 71169.653686
13 72030.314309
14 75928.186182
15 56490.469799
16 56662.745737
17 88474.274833
18 90513.712517
19 104070.043365
20 73641.714609
21 54928.020857
22 69201.943774
23 78002.707610
24 53159.371556
25 93823.320774
26 53948.174852
27 69478.790604
28 68966.587535
29 105538.795453
30 50873.439584
31 78932.065808
32 116791.378532
33 61961.248761
34 55012.090310
35 124446.943169
36 55759.308855
37 67761.756812
38 56923.712184
39 61058.006724
40 85009.473669
41 65654.362643
42 130658.022669
43 50722.492577
44 44197.325961
45 55635.539252
46 95375.833219
47 49682.520943
48 76931.363105
49 72624.385082
50 113828.391705
51 76083.842514
52 82000.747942
53 52261.678798
54 69082.643115
55 100645.701324
56 75037.558409
57 73964.388301
58 93377.863414
59 76588.872195
60 51074.299185
61 75090.610583
62 50807.490718
63 42916.564482
64 50219.872647
65 64791.703097
66 94864.677256
67 48156.901141
68 97825.997377
69 113693.946750
70 56031.252465
71 74108.186502
72 57653.195655
73 91258.247740
74 92358.353427
75 68932.908117
76 65137.045294
77 56864.377311
78 100507.605594
79 64056.823452
80 50455.248141
81 70416.129914
82 76997.469001
83 52012.654694
84 72329.446949
85 61667.282370
86 52695.375712
87 63551.012534
88 49402.227067
89 59185.370755
90 73548.695618
91 66618.742183
92 60908.348800
93 96831.750881
94 71012.054618
95 77425.229273
96 66601.608021
97 76261.629357
98 94150.988393
99 102801.820282
