0 96243.348134 
1 85021.169833
2 77200.063972
3 71045.208893
4 94048.057361
5 89195.298444
6 72508.536820
7 63579.150218
8 82193.397786
9 79446.520926
10 60763.269384
11 69258.393625
12 70983.280831
13 71885.316622
14 75744.126987
15 56226.940071
16 56459.575451
17 88247.908401
18 90398.931246
19 103751.649076
20 73479.718507
21 54774.749833
22 68981.032906
23 77752.091056
24 52748.197394
25 93622.399765
26 53742.108142
27 69175.284075
28 68717.057827
29 105367.955388
30 50736.239147
31 78738.198379
32 116636.630705
33 61787.261770
34 54850.679304
35 124369.776729
36 55422.370885
37 67575.506990
38 56806.833370
39 60877.952648
40 84763.929293
41 65374.063929
42 130428.189557
43 50517.481126
44 44025.318979
45 55387.337529
46 95175.262799
47 49505.707259
48 76651.789210
49 72369.052772
50 113639.815283
51 75860.520462
52 81774.958309
53 52075.437583
54 68889.772349
55 100453.381324
56 74872.133800
57 73794.783077
58 93115.932625
59 76463.688004
60 50776.185395
61 74892.430520
62 50638.250046
63 42828.968835
64 50025.992776
65 64553.879097
66 94701.041797
67 47966.688255
68 97656.499046
69 113507.473470
70 55815.492819
71 73974.410916
72 57471.527456
73 91138.712902
74 92221.712003
75 68755.837367
76 64876.840738
77 56629.638498
78 100286.993705
79 63922.631368
80 50268.893690
81 70131.520398
82 76805.007300
83 51755.113612
84 72145.089486
85 61347.407472
86 52497.170647
87 63431.743351
88 49249.560519
89 59042.295944
90 73277.211311
91 66361.116947
92 60650.704946
93 96615.723769
94 70826.610282
95 77171.015769
96 66421.062099
97 76112.518787
98 93970.443554
99 102511.501362
