0  97008.420524
1  85718.675267
2  78230.141512
3  71742.604981
4  94524.107394
5  89360.201228
6  73468.222623
7  64461.618357
8  82813.614128
9  80164.826990
10 61445.475745
11 69737.116222
12 71578.018706
13 72348.021432
14 76331.481698
15 57067.894673
16 57107.915918
17 88970.270520
18 90765.211887
19 104767.682997
20 73996.667271
21 55263.855840
22 69685.985673
23 78551.838188
24 54060.302888
25 94263.562521
26 54399.691442
27 70143.809389
28 69513.336707
29 105913.126289
30 51174.062006
31 79356.852326
32 117130.449366
33 62342.474882
34 55365.760960
35 124616.023987
36 56497.579891
37 68169.852251
38 57179.807522
39 61452.526547
40 85547.490506
41 66268.530354
42 131161.614263
43 51171.696967
44 44574.213649
45 56179.378648
46 95815.306785
47 50069.940685
48 77543.942653
49 73183.848442
50 114241.585001
51 76573.167604
52 82495.479794
53 52669.755376
54 69505.245828
55 101067.097243
56 75400.023338
57 74336.013452
58 93951.784823
59 76863.165596
60 51727.501840
61 75524.846595
62 51178.317093
63 43108.496929
64 50644.686429
65 65312.803673
66 95223.221945
67 48573.680122
68 98197.388313
69 114102.531813
70 56504.007427
71 74401.304668
72 58051.252216
73 91520.162742
74 92657.750986
75 69320.891121
76 65707.184322
77 57378.717878
78 100990.992395
79 64350.854216
80 50863.572835
81 71039.743104
82 77419.175403
83 52576.957735
84 72733.396005
85 62368.166191
86 53129.666507
87 63812.345453
88 49736.737570
89 59498.864629
90 74143.549918
91 67183.229617
92 61472.877028
93 97305.091892
94 71418.385142
95 77982.241197
96 66997.205539
97 76588.348292
98 94546.583539
99 103437.943450
