0 114501
1 137716
2 77130
3 47954
4 97985
5 57557
6 44391
7 60305
8 51209
9 94415
10 69292
11 57986
12 64893
13 78924
14 68350
15 52942
16 75313
17 66862
18 90591
19 82075
20 42741
21 45196
22 101308
23 83051
24 121178
25 60493
26 146924
27 66512
28 99283
29 72906
30 97047
31 99977
32 78153
33 72660
34 95295
35 79137
36 79608
37 113867
38 74612
39 95891
40 74193
41 97006
42 70517
43 49226
44 82960
45 71724
46 70387
47 110505
48 126117
49 66728
50 63224
51 61370
52 92759
53 52289
54 50118
55 65839
56 76324
57 72251
58 66056
59 103039
60 55515
61 109536
62 80113
63 84431
64 85388
65 74871
66 68355
67 58296
68 188076
69 108451
70 139659
71 113501
72 40245
73 77447
74 93606
75 66196
76 115181
77 120449
78 101833
79 83071
80 73156
81 81746
82 103617
83 82425
84 80215
85 98191
86 72395
87 89819
88 60072
89 41226
90 69772
91 70596
92 65081
93 99395
94 90579
95 71883
96 67215
97 74386
98 102898
99 87137
