0  98111.244560
1  86724.103993
2  79714.960837
3  72747.876088
4  95210.316210
5  89597.902596
6  74851.574820
7  65733.664096
8  83707.633436
9  81200.239069
10 62428.851413
11 70427.177441
12 72435.311730
13 73014.993593
14 77178.132160
15 58280.100160
16 58042.475131
17 90011.529254
18 91293.192116
19 106232.258957
20 74741.830121
21 55968.884369
22 70702.149458
23 79704.644604
24 55951.655256
25 95187.775325
26 55347.573862
27 71539.903418
28 70661.143765
29 106698.970324
30 51805.167740
31 80248.619501
32 117842.271013
33 63142.794398
34 56108.232442
35 124970.980458
36 58047.454585
37 69026.579339
38 57717.436202
39 62280.753932
40 86676.965509
41 67557.871188
42 132218.819314
43 52114.725318
44 45365.425361
45 57321.077128
46 96737.906924
47 50883.262656
48 78829.949409
49 74358.346778
50 115109.014172
51 77600.422550
52 83534.085322
53 53526.442867
54 70392.428474
55 101951.746428
56 76160.956916
57 75116.177362
58 95156.635380
59 77438.998021
60 53098.789910
61 76436.451378
62 51956.804108
63 43511.426515
64 51536.510836
65 66406.765860
66 95975.925646
67 49448.636832
68 98977.060528
69 114960.286781
70 57496.476203
71 75016.656492
72 58886.904383
73 92070.008818
74 93286.285327
75 70135.395564
76 66904.094411
77 58458.488573
78 102005.780912
79 64968.121883
80 51720.781204
81 72348.913118
82 78304.476396
83 53761.616161
84 73581.418465
85 63839.552775
86 54041.386294
87 64360.969548
88 50438.985577
89 60156.991790
90 75392.345525
91 68368.275144
92 62658.008195
93 98298.790979
94 72271.407089
95 79151.593159
96 67827.695361
97 77274.239227
98 95377.068383
99 104773.376041
