0  96735.759627
1  85470.094271
2  77863.036557
3  71494.062954
4  94354.449947
5  89301.432226
6  73126.204280
7  64147.119289
8  82592.577863
9  79908.832946
10 61202.347120
11 69566.506311
12 71366.062603
13 72183.120032
14 76122.156850
15 56768.190438
16 56876.856615
17 88712.830956
18 90634.674687
19 104405.582987
20 73812.434099
21 55089.545430
22 69434.750553
23 78266.819708
24 53592.687189
25 94035.061252
26 54165.338126
27 69798.640770
28 69229.554262
29 105718.835150
30 51018.028179
31 79136.372876
32 116954.459433
33 62144.604842
34 55182.193199
35 124528.264974
36 56114.390725
37 67958.036071
38 57046.884850
39 61247.756598
40 85268.240457
41 65949.755267
42 130900.232150
43 50938.543765
44 44378.595411
45 55897.106481
46 95587.204230
47 49868.855933
48 77225.991881
49 72893.466877
50 114027.122849
51 76319.190319
52 82238.696205
53 52457.948984
54 69285.899852
55 100848.377636
56 75211.891030
57 74143.126660
58 93653.899012
59 76720.797475
60 51388.466216
61 75299.462519
62 50985.844894
63 43008.877100
64 50424.192828
65 65042.333770
66 95037.124382
67 48357.356871
68 98004.623087
69 113890.461500
70 56258.630633
71 74249.165819
72 57844.646574
73 91384.219455
74 92502.352906
75 69119.514016
76 65411.261702
77 57111.756663
78 100740.097295
79 64198.241696
80 50651.637663
81 70716.065475
82 77200.294644
83 52284.064202
84 72523.731946
85 62004.382331
86 52904.253996
87 63676.704288
88 49563.114612
89 59336.150056
90 73834.799185
91 66890.240378
92 61179.866615
93 97059.410917
94 71207.485016
95 77693.132015
96 66791.876228
97 76418.769438
98 94341.255459
99 103107.772693
