0  97312.041362
1  85995.481994
2  78638.930288
3  72019.368314
4  94713.029007
5  89425.643299
6  73849.076267
7  64811.827983
8  83059.748491
9  80449.888499
10 61716.210998
11 69927.098448
12 71814.041877
13 72531.646960
14 76564.574842
15 57401.629552
16 57365.211408
17 89256.941683
18 90910.571250
19 105170.898528
20 74201.819645
21 55457.958749
22 69965.747892
23 78869.219781
24 54581.015143
25 94518.009520
26 54660.654973
27 70528.171014
28 69829.341916
29 106129.478687
30 51347.813072
31 79602.366650
32 117326.422502
33 62562.812555
34 55570.172368
35 124713.747811
36 56924.279199
37 68405.719613
38 57327.823220
39 61680.547595
40 85858.448678
41 66623.501529
42 131452.675641
43 51431.324114
44 44792.043833
45 56493.702092
46 96069.309798
47 50293.858092
48 77897.995917
49 73507.202084
50 114480.398776
51 76855.983354
52 82781.420498
53 52905.611836
54 69749.497975
55 101310.651897
56 75609.517585
57 74550.802042
58 94283.494800
59 77021.699249
60 52105.034083
61 75775.822453
62 51392.644014
63 43219.428333
64 50890.216509
65 65613.984737
66 95430.450407
67 48814.566321
68 98412.041534
69 114338.682163
70 56777.246123
71 74570.718491
72 58281.317397
73 91671.542038
74 92830.794116
75 69545.134076
76 66036.708192
77 57675.991852
78 101270.375986
79 64520.795494
80 51099.572700
81 71400.173493
82 77662.909508
83 52903.108574
84 72966.866877
85 62773.256770
86 53380.674026
87 63963.388323
88 49930.074967
89 59680.055021
90 74487.358500
91 67509.487029
92 61799.158018
93 97578.669307
94 71653.232434
95 78304.177980
96 67225.849463
97 76777.182389
98 94775.226093
99 103805.604246
