0 96011.386713
1 84809.693960
2 76887.755944
3 70833.766173
4 93903.724298
5 89145.301758
6 72217.570782
7 63311.595715
8 82005.355105
9 79228.738533
10 60556.432019
11 69113.250270
12 70802.962937
13 71745.029681
14 75566.047586
15 55971.972009
16 56263.005848
17 88028.896258
18 90287.879039
19 103443.598916
20 73322.985404
21 54626.458343
22 68767.299085
23 77509.616640
24 52350.381634
25 93428.006364
26 53542.736216
27 68881.637996
28 68475.634946
29 105202.665648
30 50603.496136
31 78550.629398
32 116486.910391
33 61618.927344
34 54694.512287
35 124295.117305
36 55096.379499
37 67395.308132
38 56693.751765
39 60703.748247
40 84526.362267
41 65102.871679
42 130205.823361
43 50319.130176
44 43858.900234
45 55147.199490
46 94981.208596
47 49334.637973
48 76381.298230
49 72122.015807
50 113457.365412
51 75644.453793
52 81556.504226
53 51895.247054
54 68703.167650
55 100267.309498
56 74712.083576
57 73630.688060
58 92862.511555
59 76342.570852
60 50487.756853
61 74700.689015
62 50474.507737
63 42744.219033
64 49838.411757
65 64323.781625
66 94542.722596
67 47782.655087
68 97492.507450
69 113327.058413
70 55606.742865
71 73844.981489
72 57295.761371
73 91023.061562
74 92089.509844
75 68584.519368
76 64625.089818
77 56402.525979
78 100073.549150
79 63792.798974
80 50088.593602
81 69856.157397
82 76618.798377
83 51505.939635
84 71966.721507
85 61037.924807
86 52305.404953
87 63316.349036
88 49101.853868
89 58903.869408
90 73014.547102
91 66111.861549
92 60401.431535
93 96406.715038
94 70647.190741
95 76925.061262
96 66246.381831
97 75968.252584
98 93795.764332
99 102230.614447
