0 112578
1 135815
2 76133
3 46850
4 96865
5 56180
6 43873
7 59158
8 50378
9 93658
10 68128
11 57277
12 64018
13 77398
14 66341
15 52237
16 73788
17 66001
18 89570
19 80975
20 42236
21 44328
22 99949
23 81973
24 119868
25 59583
26 146193
27 65374
28 98256
29 71858
30 95861
31 98895
32 77058
33 71822
34 93913
35 78256
36 78638
37 112605
38 73121
39 94794
40 72938
41 95861
42 69592
43 48463
44 81957
45 70199
46 69605
47 109355
48 124491
49 65877
50 62270
51 60341
52 91871
53 51682
54 49034
55 63831
56 75255
57 71264
58 64757
59 101580
60 54529
61 108432
62 78968
63 82458
64 84066
65 72809
66 66532
67 57455
68 186871
69 106342
70 137101
71 110975
72 39423
73 75693
74 92325
75 65270
76 114180
77 119360
78 99672
79 82055
80 71769
81 80779
82 102217
83 81477
84 78943
85 96791
86 71284
87 88773
88 59009
89 40309
90 68830
91 69305
92 64214
93 98775
94 89020
95 71063
96 65886
97 73378
98 101464
99 86077
